33 128 4
84.02186 25.76896 17.46466 13.31187 8.21404 4.87016 3.50603 3.51396 3.45930 3.27511 2.86514 2.52210 2.26438 2.01487 1.80198 1.80849 1.75015 1.73629 1.61043 1.52912 1.47085 1.40692 1.37503 1.38893 1.36262 1.32343 1.30938 1.27286 1.22129 1.22802 1.24111 1.27407 1.26244 1.27407 1.24111 1.22802 1.22129 1.27286 1.30938 1.32343 1.36262 1.38893 1.37503 1.40692 1.47085 1.52912 1.61043 1.73629 1.75015 1.80849 1.80198 2.01487 2.26438 2.52210 2.86514 3.27511 3.45930 3.51396 3.50603 4.87016 8.21404 13.31187 17.46466 25.76896 53.78175 5.18170 3.56897 0.44303 0.97749 1.23757 1.01251 0.92869 0.60855 0.49288 0.42339 0.41431 0.37922 0.29310 0.27678 0.28260 0.23569 0.25557 0.25628 0.26243 0.24864 0.23734 0.22002 0.21706 0.21178 0.19436 0.20458 0.21347 0.20850 0.21810 0.20057 0.20156 0.19583 0.20156 0.20057 0.21810 0.20850 0.21347 0.20458 0.19436 0.21178 0.21706 0.22002 0.23734 0.24864 0.26243 0.25628 0.25557 0.23569 0.28260 0.27678 0.29310 0.37922 0.41431 0.42339 0.49288 0.60855 0.92869 1.01251 1.23757 0.97749 0.44303 3.56897 5.18170 
0 0 0.9 0
48.34729 7.15514 3.77966 1.64433 1.54997 1.26089 0.76148 0.83336 0.80402 0.55645 0.51587 0.59708 0.50073 0.40463 0.44874 0.44151 0.36959 0.35784 0.38430 0.36000 0.31639 0.32476 0.33495 0.31194 0.28862 0.29356 0.29803 0.29172 0.28352 0.28269 0.27817 0.27780 0.27999 0.27780 0.27817 0.28269 0.28352 0.29172 0.29803 0.29356 0.28862 0.31194 0.33495 0.32476 0.31639 0.36000 0.38430 0.35784 0.36959 0.44151 0.44874 0.40463 0.50073 0.59708 0.51587 0.55645 0.80402 0.83336 0.76148 1.26089 1.54997 1.64433 3.77966 7.15514 67.94278 1.85760 0.77345 0.13709 0.12719 0.20909 0.19385 0.11749 0.04379 0.01876 0.02359 0.01841 0.00790 0.00580 0.01260 0.01300 0.00866 0.00567 0.00219 0.00276 0.00540 0.00607 0.00395 0.00127 0.00558 0.00931 0.00757 0.00270 0.00377 0.00531 0.00361 0.00296 0.00434 0.00296 0.00361 0.00531 0.00377 0.00270 0.00757 0.00931 0.00558 0.00127 0.00395 0.00607 0.00540 0.00276 0.00219 0.00567 0.00866 0.01300 0.01260 0.00580 0.00790 0.01841 0.02359 0.01876 0.04379 0.11749 0.19385 0.20909 0.12719 0.13709 0.77345 1.85760 
0 0 1 0
45.81281 5.47899 4.58822 2.89858 2.47532 1.79213 0.95540 0.68382 0.47786 0.47632 0.44011 0.30915 0.23598 0.21222 0.18879 0.19148 0.15285 0.13933 0.14771 0.11929 0.12018 0.09410 0.11125 0.10067 0.12091 0.13137 0.09888 0.10555 0.09831 0.10029 0.09476 0.08584 0.10494 0.08584 0.09476 0.10029 0.09831 0.10555 0.09888 0.13137 0.12091 0.10067 0.11125 0.09410 0.12018 0.11929 0.14771 0.13933 0.15285 0.19148 0.18879 0.21222 0.23598 0.30915 0.44011 0.47632 0.47786 0.68382 0.95540 1.79213 2.47532 2.89858 4.58822 5.47899 55.42801 5.11731 2.66377 2.88094 2.75962 2.58390 2.17213 2.00979 1.87523 1.62358 1.47294 1.36241 1.24066 1.10997 1.03858 0.94530 0.89416 0.81983 0.77281 0.71693 0.65807 0.62047 0.57990 0.55149 0.53173 0.51423 0.49129 0.48387 0.47263 0.47497 0.46596 0.46425 0.47415 0.46425 0.46596 0.47497 0.47263 0.48387 0.49129 0.51423 0.53173 0.55149 0.57990 0.62047 0.65807 0.71693 0.77281 0.81983 0.89416 0.94530 1.03858 1.10997 1.24066 1.36241 1.47294 1.62358 1.87523 2.00979 2.17213 2.58390 2.75962 2.88094 2.66377 5.11731 
0 0 1 0
98.71418 17.95150 13.49916 10.85913 7.49800 4.75873 3.12112 2.35401 2.13923 2.14294 2.12890 1.98333 1.77796 1.63067 1.53825 1.42102 1.30391 1.25720 1.27728 1.25903 1.16971 1.06926 1.02034 1.04211 1.04333 1.00202 0.97715 0.99210 0.99924 0.98322 0.95196 0.93491 0.92397 0.93491 0.95196 0.98322 0.99924 0.99210 0.97715 1.00202 1.04333 1.04211 1.02034 1.06926 1.16971 1.25903 1.27728 1.25720 1.30391 1.42102 1.53825 1.63067 1.77796 1.98333 2.12890 2.14294 2.13923 2.35401 3.12112 4.75873 7.49800 10.85913 13.49916 17.95150 44.68348 14.57678 12.06018 9.85507 6.75982 4.55378 3.44098 2.79126 2.28480 2.01902 1.89998 1.79063 1.66560 1.56032 1.47352 1.38397 1.28183 1.21622 1.19543 1.16825 1.10382 1.04865 1.04580 1.04992 1.02365 0.97014 0.93984 0.93759 0.93805 0.91888 0.90705 0.91667 0.93349 0.91667 0.90705 0.91888 0.93805 0.93759 0.93984 0.97014 1.02365 1.04992 1.04580 1.04865 1.10382 1.16825 1.19543 1.21622 1.28183 1.38397 1.47352 1.56032 1.66560 1.79063 1.89998 2.01902 2.28480 2.79126 3.44098 4.55378 6.75982 9.85507 12.06018 14.57678 
0 0 1 0
57.57419 10.88847 6.74194 4.14998 3.51451 2.36702 2.13574 1.75951 1.53027 1.37069 1.20210 1.08350 0.99851 0.92917 0.86228 0.82421 0.77751 0.73226 0.70016 0.67717 0.63768 0.62045 0.60890 0.59573 0.57631 0.56515 0.55930 0.55559 0.54772 0.53837 0.53858 0.53353 0.53269 0.53353 0.53858 0.53837 0.54772 0.55559 0.55930 0.56515 0.57631 0.59573 0.60890 0.62045 0.63768 0.67717 0.70016 0.73226 0.77751 0.82421 0.86228 0.92917 0.99851 1.08350 1.20210 1.37069 1.53027 1.75951 2.13574 2.36702 3.51451 4.14998 6.74194 10.88847 56.81088 3.95573 3.86081 2.32939 2.61877 1.94659 1.67727 1.53519 1.30174 1.12801 1.04487 0.94704 0.83551 0.77628 0.72826 0.68410 0.65551 0.63360 0.60321 0.58412 0.56661 0.55162 0.53426 0.52914 0.52318 0.51036 0.50108 0.49971 0.49253 0.48343 0.48474 0.48463 0.48494 0.48463 0.48474 0.48343 0.49253 0.49971 0.50108 0.51036 0.52318 0.52914 0.53426 0.55162 0.56661 0.58412 0.60321 0.63360 0.65551 0.68410 0.72826 0.77628 0.83551 0.94704 1.04487 1.12801 1.30174 1.53519 1.67727 1.94659 2.61877 2.32939 3.86081 3.95573 
0 0 1 0
101.50500 19.96625 7.49071 7.27637 2.65162 1.76846 1.41666 2.79961 2.56259 2.54808 2.47246 2.08942 1.93310 1.68504 1.71810 1.62888 1.54039 1.45568 1.33781 1.18979 1.18181 1.03294 1.02309 0.93102 0.86046 0.79638 0.72068 0.73649 0.71075 0.65254 0.61992 0.58635 0.67084 0.58635 0.61992 0.65254 0.71075 0.73649 0.72068 0.79638 0.86046 0.93102 1.02309 1.03294 1.18181 1.18979 1.33781 1.45568 1.54039 1.62888 1.71810 1.68504 1.93310 2.08942 2.47246 2.54808 2.56259 2.79961 1.41666 1.76846 2.65162 7.27637 7.49071 19.96625 106.00149 10.26089 2.01491 1.59931 0.67858 1.97814 1.02716 0.93620 1.04115 1.33219 1.34811 1.15606 1.14764 1.08421 0.97213 0.90473 0.87278 0.79255 0.70000 0.61923 0.61760 0.56240 0.46593 0.42466 0.39741 0.34061 0.27373 0.26096 0.23295 0.18895 0.13255 0.12225 0.13173 0.12225 0.13255 0.18895 0.23295 0.26096 0.27373 0.34061 0.39741 0.42466 0.46593 0.56240 0.61760 0.61923 0.70000 0.79255 0.87278 0.90473 0.97213 1.08421 1.14764 1.15606 1.34811 1.33219 1.04115 0.93620 1.02716 1.97814 0.67858 1.59931 2.01491 10.26089 
0 0 1 0
106.20220 26.53421 18.95823 7.36116 4.27449 4.30886 3.88983 3.02678 2.80485 2.55145 2.20340 2.00822 1.92751 1.83625 1.64688 1.52053 1.46421 1.46812 1.39366 1.29811 1.24000 1.22671 1.21099 1.18139 1.13886 1.12438 1.09758 1.08163 1.06577 1.07403 1.05687 1.05877 1.05035 1.05877 1.05687 1.07403 1.06577 1.08163 1.09758 1.12438 1.13886 1.18139 1.21099 1.22671 1.24000 1.29811 1.39366 1.46812 1.46421 1.52053 1.64688 1.83625 1.92751 2.00822 2.20340 2.55145 2.80485 3.02678 3.88983 4.30886 4.27449 7.36116 18.95823 26.53421 124.73163 5.50168 4.25015 3.02903 1.95123 0.42039 0.50869 1.11554 1.28153 0.71596 0.28540 0.35518 0.50014 0.57655 0.45151 0.32276 0.28590 0.31518 0.33624 0.33134 0.29329 0.26654 0.26619 0.29364 0.28153 0.27692 0.25043 0.26266 0.25370 0.26999 0.25936 0.26701 0.24942 0.26701 0.25936 0.26999 0.25370 0.26266 0.25043 0.27692 0.28153 0.29364 0.26619 0.26654 0.29329 0.33134 0.33624 0.31518 0.28590 0.32276 0.45151 0.57655 0.50014 0.35518 0.28540 0.71596 1.28153 1.11554 0.50869 0.42039 1.95123 3.02903 4.25015 5.50168 
0 0 1 0
273.23899 10.68817 7.85428 6.06129 4.77729 3.83199 3.15378 2.77206 2.40962 2.10933 1.90773 1.71721 1.54322 1.38923 1.27248 1.16447 1.08241 1.03084 0.97712 0.94664 0.91494 0.88952 0.87264 0.84876 0.83975 0.82858 0.82009 0.81891 0.81441 0.81257 0.80702 0.80906 0.80463 0.80906 0.80702 0.81257 0.81441 0.81891 0.82009 0.82858 0.83975 0.84876 0.87264 0.88952 0.91494 0.94664 0.97712 1.03084 1.08241 1.16447 1.27248 1.38923 1.54322 1.71721 1.90773 2.10933 2.40962 2.77206 3.15378 3.83199 4.77729 6.06129 7.85428 10.68817 53.83677 7.80825 2.80035 2.69711 2.34384 1.81964 1.58236 1.50202 1.26025 1.10429 0.98492 0.83261 0.72912 0.62737 0.58765 0.55756 0.52951 0.53474 0.53896 0.52499 0.52259 0.49018 0.47366 0.46588 0.44642 0.43763 0.43123 0.43009 0.43246 0.42609 0.42082 0.42614 0.42404 0.42614 0.42082 0.42609 0.43246 0.43009 0.43123 0.43763 0.44642 0.46588 0.47366 0.49018 0.52259 0.52499 0.53896 0.53474 0.52951 0.55756 0.58765 0.62737 0.72912 0.83261 0.98492 1.10429 1.26025 1.50202 1.58236 1.81964 2.34384 2.69711 2.80035 7.80825 
0 0 0 1
280.89187 11.33438 7.46035 7.43026 5.05705 5.28341 3.87790 3.48190 2.63090 2.31940 1.86939 1.61213 1.37458 1.21648 1.08787 1.01830 0.99048 0.97967 0.98552 0.98652 0.98876 0.95236 0.92507 0.90792 0.88317 0.87002 0.85616 0.84416 0.83360 0.83482 0.81847 0.81921 0.81373 0.81921 0.81847 0.83482 0.83360 0.84416 0.85616 0.87002 0.88317 0.90792 0.92507 0.95236 0.98876 0.98652 0.98552 0.97967 0.99048 1.01830 1.08787 1.21648 1.37458 1.61213 1.86939 2.31940 2.63090 3.48190 3.87790 5.28341 5.05705 7.43026 7.46035 11.33438 81.99849 8.02507 0.86782 4.73407 3.86881 2.97128 2.57031 1.62781 1.48593 1.31996 1.12917 0.99266 0.82961 0.70895 0.67313 0.59804 0.61799 0.59556 0.57868 0.58362 0.57689 0.57022 0.56046 0.52961 0.51628 0.50474 0.51383 0.51133 0.49240 0.47876 0.47929 0.49015 0.49045 0.49015 0.47929 0.47876 0.49240 0.51133 0.51383 0.50474 0.51628 0.52961 0.56046 0.57022 0.57689 0.58362 0.57868 0.59556 0.61799 0.59804 0.67313 0.70895 0.82961 0.99266 1.12917 1.31996 1.48593 1.62781 2.57031 2.97128 3.86881 4.73407 0.86782 8.02507 
0 0 0 1
149.42196 101.17012 10.24657 32.31110 9.93103 17.86971 9.58427 11.23714 9.18533 7.23138 8.72299 4.44526 8.19337 2.34353 7.59670 0.68669 6.93506 0.69449 6.21236 1.80025 5.43423 2.71206 4.60721 3.44957 3.73818 4.02720 2.83494 4.45404 1.90619 4.73597 0.96180 4.87629 0.10417 4.87629 0.96180 4.73597 1.90619 4.45404 2.83494 4.02720 3.73818 3.44957 4.60721 2.71206 5.43423 1.80025 6.21236 0.69449 6.93506 0.68669 7.59670 2.34353 8.19337 4.44526 8.72299 7.23138 9.18533 11.23714 9.58427 17.86971 9.93103 32.31110 10.24657 101.17012 30.65816 20.55892 1.63589 6.96490 1.94901 3.95111 2.04425 2.44742 1.95722 1.58117 1.85636 1.00104 1.77672 0.52678 1.65272 0.16063 1.49676 0.14549 1.35188 0.37860 1.19385 0.59262 1.00273 0.75010 0.81139 0.86706 0.62715 0.97032 0.42147 1.03775 0.20719 1.05747 0.05541 1.05747 0.20719 1.03775 0.42147 0.97032 0.62715 0.86706 0.81139 0.75010 1.00273 0.59262 1.19385 0.37860 1.35188 0.14549 1.49676 0.16063 1.65272 0.52678 1.77672 1.00104 1.85636 1.58117 1.95722 2.44742 2.04425 3.95111 1.94901 6.96490 1.63589 20.55892 
0 0 0 1
294.22267 3.84375 1.58177 2.51859 1.32553 1.23510 1.09459 0.90149 0.84941 0.67875 0.64988 0.61767 0.53650 0.51077 0.48975 0.46205 0.44092 0.42258 0.40845 0.39659 0.39519 0.38095 0.36724 0.36247 0.34710 0.34679 0.34366 0.32980 0.32826 0.32515 0.32437 0.32318 0.31888 0.32318 0.32437 0.32515 0.32826 0.32980 0.34366 0.34679 0.34710 0.36247 0.36724 0.38095 0.39519 0.39659 0.40845 0.42258 0.44092 0.46205 0.48975 0.51077 0.53650 0.61767 0.64988 0.67875 0.84941 0.90149 1.09459 1.23510 1.32553 2.51859 1.58177 3.84375 41.40895 9.02745 4.58998 3.61870 2.48907 2.45709 1.68974 1.56372 1.33745 1.16520 1.08147 0.95354 0.92914 0.86900 0.81235 0.78106 0.74331 0.71249 0.68198 0.66127 0.64502 0.62548 0.60259 0.58748 0.58135 0.56633 0.55513 0.54964 0.54192 0.53730 0.53548 0.53278 0.53075 0.53278 0.53548 0.53730 0.54192 0.54964 0.55513 0.56633 0.58135 0.58748 0.60259 0.62548 0.64502 0.66127 0.68198 0.71249 0.74331 0.78106 0.81235 0.86900 0.92914 0.95354 1.08147 1.16520 1.33745 1.56372 1.68974 2.45709 2.48907 3.61870 4.58998 9.02745 
0 0 0 1
278.87481 2.35988 2.14212 2.23330 2.01652 2.23033 1.92770 1.75560 1.65977 1.48237 1.36919 1.29686 1.17396 1.10502 1.03228 0.93771 0.87981 0.81399 0.76492 0.73487 0.70165 0.67599 0.65275 0.62879 0.61201 0.60228 0.59021 0.58026 0.57329 0.56639 0.56479 0.56279 0.56073 0.56279 0.56479 0.56639 0.57329 0.58026 0.59021 0.60228 0.61201 0.62879 0.65275 0.67599 0.70165 0.73487 0.76492 0.81399 0.87981 0.93771 1.03228 1.10502 1.17396 1.29686 1.36919 1.48237 1.65977 1.75560 1.92770 2.23033 2.01652 2.23330 2.14212 2.35988 70.04605 12.36445 10.11782 7.37719 6.34616 5.52820 4.71602 4.25688 3.90029 3.41863 3.17248 2.88351 2.64234 2.48750 2.30473 2.17479 2.05112 1.95341 1.87818 1.80560 1.74757 1.68864 1.63325 1.58610 1.54450 1.50985 1.47932 1.45469 1.42941 1.41206 1.39571 1.38284 1.38335 1.38284 1.39571 1.41206 1.42941 1.45469 1.47932 1.50985 1.54450 1.58610 1.63325 1.68864 1.74757 1.80560 1.87818 1.95341 2.05112 2.17479 2.30473 2.48750 2.64234 2.88351 3.17248 3.41863 3.90029 4.25688 4.71602 5.52820 6.34616 7.37719 10.11782 12.36445 
0 0 0 1
276.51809 22.25164 22.58343 22.25846 20.76115 18.60480 16.18594 13.66452 11.15409 8.63171 6.17554 3.79825 1.60974 0.53799 2.21179 3.64993 4.73890 5.44287 5.77297 5.74959 5.42402 4.83730 4.02683 3.04200 1.92385 0.75035 0.53550 1.64682 2.65989 3.49020 4.09820 4.46942 4.59243 4.46942 4.09820 3.49020 2.65989 1.64682 0.53550 0.75035 1.92385 3.04200 4.02683 4.83730 5.42402 5.74959 5.77297 5.44287 4.73890 3.64993 2.21179 0.53799 1.60974 3.79825 6.17554 8.63171 11.15409 13.66452 16.18594 18.60480 20.76115 22.25846 22.58343 22.25164 57.83827 4.30968 4.74631 4.15255 4.08307 3.92268 3.60371 3.14149 2.61780 2.04988 1.50160 0.97147 0.45950 0.02973 0.43536 0.78578 1.05352 1.24137 1.33407 1.35953 1.29198 1.15855 0.97052 0.73707 0.46533 0.18473 0.10045 0.37343 0.61563 0.81303 0.97256 1.06348 1.09676 1.06348 0.97256 0.81303 0.61563 0.37343 0.10045 0.18473 0.46533 0.73707 0.97052 1.15855 1.29198 1.35953 1.33407 1.24137 1.05352 0.78578 0.43536 0.02973 0.45950 0.97147 1.50160 2.04988 2.61780 3.14149 3.60371 3.92268 4.08307 4.15255 4.74631 4.30968 
0 0 0 1
268.75116 7.83993 9.85338 8.97484 7.49182 5.33214 3.59519 2.08332 1.33660 1.26634 1.42194 1.59196 1.62803 1.58717 1.44712 1.28559 1.14416 1.03994 0.96176 0.93582 0.90323 0.89704 0.89149 0.89571 0.89709 0.87529 0.85028 0.82575 0.81317 0.80960 0.80645 0.81027 0.80670 0.81027 0.80645 0.80960 0.81317 0.82575 0.85028 0.87529 0.89709 0.89571 0.89149 0.89704 0.90323 0.93582 0.96176 1.03994 1.14416 1.28559 1.44712 1.58717 1.62803 1.59196 1.42194 1.26634 1.33660 2.08332 3.59519 5.33214 7.49182 8.97484 9.85338 7.83993 118.94328 2.71853 2.21995 0.41862 2.27206 1.40683 1.11554 0.76531 0.28514 0.07228 0.02612 0.14356 0.29384 0.29268 0.25299 0.23492 0.20776 0.18408 0.16730 0.14350 0.12227 0.11651 0.13000 0.15274 0.15481 0.13505 0.11799 0.10315 0.11210 0.12414 0.12284 0.11443 0.11789 0.11443 0.12284 0.12414 0.11210 0.10315 0.11799 0.13505 0.15481 0.15274 0.13000 0.11651 0.12227 0.14350 0.16730 0.18408 0.20776 0.23492 0.25299 0.29268 0.29384 0.14356 0.02612 0.07228 0.28514 0.76531 1.11554 1.40683 2.27206 0.41862 2.21995 2.71853 
0 0 0 0.7
75.80814 8.87986 7.05053 6.29441 4.41443 3.04913 2.51279 2.08301 1.75514 1.56779 1.37243 1.21778 1.11588 1.04927 1.00905 0.92124 0.87377 0.82744 0.82549 0.80481 0.81017 0.78722 0.76244 0.74173 0.71905 0.70185 0.69399 0.68622 0.68322 0.68358 0.67023 0.66210 0.65022 0.66210 0.67023 0.68358 0.68322 0.68622 0.69399 0.70185 0.71905 0.74173 0.76244 0.78722 0.81017 0.80481 0.82549 0.82744 0.87377 0.92124 1.00905 1.04927 1.11588 1.21778 1.37243 1.56779 1.75514 2.08301 2.51279 3.04913 4.41443 6.29441 7.05053 8.87986 280.95533 5.01574 2.68059 1.31248 1.91962 1.49111 0.85901 0.73115 0.58012 0.43403 0.33521 0.32198 0.29606 0.24975 0.22633 0.26567 0.26908 0.26960 0.26559 0.27822 0.28462 0.27335 0.26019 0.25360 0.25704 0.25115 0.24687 0.24490 0.24561 0.23771 0.22753 0.22390 0.22026 0.22390 0.22753 0.23771 0.24561 0.24490 0.24687 0.25115 0.25704 0.25360 0.26019 0.27335 0.28462 0.27822 0.26559 0.26960 0.26908 0.26567 0.22633 0.24975 0.29606 0.32198 0.33521 0.43403 0.58012 0.73115 0.85901 1.49111 1.91962 1.31248 2.68059 5.01574 
1 0 0 0
75.41326 3.95085 2.13677 1.09594 0.59006 0.38060 0.30321 0.24903 0.22068 0.16968 0.13654 0.09065 0.06954 0.05274 0.05846 0.06903 0.08489 0.09444 0.09536 0.08863 0.07730 0.06797 0.06882 0.06542 0.06927 0.06122 0.06070 0.05094 0.05168 0.05137 0.06240 0.06944 0.07461 0.06944 0.06240 0.05137 0.05168 0.05094 0.06070 0.06122 0.06927 0.06542 0.06882 0.06797 0.07730 0.08863 0.09536 0.09444 0.08489 0.06903 0.05846 0.05274 0.06954 0.09065 0.13654 0.16968 0.22068 0.24903 0.30321 0.38060 0.59006 1.09594 2.13677 3.95085 317.63602 1.86646 1.02847 0.54245 0.39006 0.24944 0.18985 0.14423 0.11691 0.09173 0.07719 0.06266 0.05443 0.04856 0.04073 0.03985 0.03159 0.03317 0.02532 0.02604 0.01918 0.01911 0.01342 0.01451 0.00971 0.01189 0.00742 0.01060 0.00681 0.01044 0.00651 0.00943 0.00580 0.00943 0.00651 0.01044 0.00681 0.01060 0.00742 0.01189 0.00971 0.01451 0.01342 0.01911 0.01918 0.02604 0.02532 0.03317 0.03159 0.03985 0.04073 0.04856 0.05443 0.06266 0.07719 0.09173 0.11691 0.14423 0.18985 0.24944 0.39006 0.54245 1.02847 1.86646 
1 0 0 0
92.77629 17.81456 15.11869 13.51400 12.15535 10.68372 8.53226 6.84825 5.13663 3.67888 2.47901 1.73943 1.56805 1.84878 2.19402 2.47101 2.62605 2.62440 2.54738 2.36740 2.14022 1.89786 1.66533 1.47729 1.35747 1.33338 1.36684 1.44460 1.54494 1.62701 1.69229 1.73473 1.74499 1.73473 1.69229 1.62701 1.54494 1.44460 1.36684 1.33338 1.35747 1.47729 1.66533 1.89786 2.14022 2.36740 2.54738 2.62440 2.62605 2.47101 2.19402 1.84878 1.56805 1.73943 2.47901 3.67888 5.13663 6.84825 8.53226 10.68372 12.15535 13.51400 15.11869 17.81456 298.69128 18.75096 16.76300 14.79968 12.59178 10.50050 8.48325 6.57288 4.84836 3.36025 2.15202 1.43093 1.40289 1.76261 2.13453 2.38680 2.50879 2.50380 2.39784 2.21803 1.98745 1.74584 1.52466 1.35091 1.25359 1.23544 1.27712 1.35417 1.43900 1.51312 1.57411 1.61138 1.62216 1.61138 1.57411 1.51312 1.43900 1.35417 1.27712 1.23544 1.25359 1.35091 1.52466 1.74584 1.98745 2.21803 2.39784 2.50380 2.50879 2.38680 2.13453 1.76261 1.40289 1.43093 2.15202 3.36025 4.84836 6.57288 8.48325 10.50050 12.59178 14.79968 16.76300 18.75096 
1 0 0 0
57.77195 6.61544 4.13534 2.99174 2.46429 2.04933 1.61336 1.37017 1.24541 1.16175 1.01034 0.86949 0.76172 0.73303 0.68695 0.65234 0.61514 0.56618 0.54198 0.54222 0.53219 0.51304 0.48314 0.46617 0.46606 0.45812 0.44281 0.43344 0.43404 0.44024 0.44191 0.42966 0.42520 0.42966 0.44191 0.44024 0.43404 0.43344 0.44281 0.45812 0.46606 0.46617 0.48314 0.51304 0.53219 0.54222 0.54198 0.56618 0.61514 0.65234 0.68695 0.73303 0.76172 0.86949 1.01034 1.16175 1.24541 1.37017 1.61336 2.04933 2.46429 2.99174 4.13534 6.61544 298.26055 1.84639 3.33190 1.33338 0.15918 0.36553 0.33474 0.16320 0.04712 0.04687 0.02367 0.06622 0.06574 0.04078 0.02822 0.04402 0.05739 0.04819 0.04837 0.04829 0.04964 0.05280 0.05813 0.04886 0.04833 0.04922 0.04742 0.04853 0.05178 0.05242 0.05514 0.04970 0.05249 0.04970 0.05514 0.05242 0.05178 0.04853 0.04742 0.04922 0.04833 0.04886 0.05813 0.05280 0.04964 0.04829 0.04837 0.04819 0.05739 0.04402 0.02822 0.04078 0.06574 0.06622 0.02367 0.04687 0.04712 0.16320 0.33474 0.36553 0.15918 1.33338 3.33190 1.84639 
1 0 0 0
78.94177 12.75616 12.30895 8.27295 8.58644 7.96495 7.49467 7.07532 6.18724 5.62591 5.15566 4.67492 4.34737 3.99969 3.67602 3.46356 3.26051 3.11011 3.00583 2.88224 2.77080 2.68748 2.61319 2.54980 2.47972 2.40486 2.34439 2.27819 2.21221 2.15969 2.11799 2.10940 2.11650 2.10940 2.11799 2.15969 2.21221 2.27819 2.34439 2.40486 2.47972 2.54980 2.61319 2.68748 2.77080 2.88224 3.00583 3.11011 3.26051 3.46356 3.67602 3.99969 4.34737 4.67492 5.15566 5.62591 6.18724 7.07532 7.49467 7.96495 8.58644 8.27295 12.30895 12.75616 292.41139 8.79083 5.75561 1.53848 2.49012 1.60775 1.27641 1.16635 0.99481 0.88301 0.84976 0.70535 0.58542 0.48581 0.48222 0.48563 0.45084 0.41927 0.40149 0.38191 0.38245 0.37048 0.33145 0.31345 0.32600 0.31340 0.28616 0.26047 0.26230 0.28144 0.27543 0.25610 0.24203 0.25610 0.27543 0.28144 0.26230 0.26047 0.28616 0.31340 0.32600 0.31345 0.33145 0.37048 0.38245 0.38191 0.40149 0.41927 0.45084 0.48563 0.48222 0.48581 0.58542 0.70535 0.84976 0.88301 0.99481 1.16635 1.27641 1.60775 2.49012 1.53848 5.75561 8.79083 
1 0 0 0
81.69073 13.85607 5.41023 2.92910 3.19952 3.88746 3.86836 3.37810 2.85337 2.50134 2.26949 1.95662 1.48522 1.01151 0.68740 0.43308 0.11235 0.29364 0.61728 0.81872 0.93727 1.05386 1.19577 1.29127 1.26777 1.16114 1.06485 0.99027 0.87098 0.66823 0.42845 0.21951 0.10413 0.21951 0.42845 0.66823 0.87098 0.99027 1.06485 1.16114 1.26777 1.29127 1.19577 1.05386 0.93727 0.81872 0.61728 0.29364 0.11235 0.43308 0.68740 1.01151 1.48522 1.95662 2.26949 2.50134 2.85337 3.37810 3.86836 3.88746 3.19952 2.92910 5.41023 13.85607 277.61435 11.81283 17.44558 19.76490 18.65006 16.92196 15.61381 14.48792 13.14020 11.47815 9.66458 7.90694 6.26130 4.63166 2.97334 1.35591 0.14702 1.33971 2.41320 3.39732 4.24004 4.84154 5.17318 5.30520 5.30582 5.15167 4.78787 4.21701 3.50526 2.73465 1.91324 0.99845 0.02552 0.99845 1.91324 2.73465 3.50526 4.21701 4.78787 5.15167 5.30582 5.30520 5.17318 4.84154 4.24004 3.39732 2.41320 1.33971 0.14702 1.35591 2.97334 4.63166 6.26130 7.90694 9.66458 11.47815 13.14020 14.48792 15.61381 16.92196 18.65006 19.76490 17.44558 11.81283 
1 0 0 0
62.67285 4.29571 3.85219 3.96802 3.74969 3.58028 3.36775 3.08489 2.80239 2.47618 2.11250 1.74945 1.38226 1.00614 0.66071 0.32141 0.02025 0.27906 0.53596 0.74790 0.91321 1.04208 1.12447 1.15777 1.15960 1.11349 1.02899 0.92067 0.77088 0.60304 0.41729 0.21110 0.02660 0.21110 0.41729 0.60304 0.77088 0.92067 1.02899 1.11349 1.15960 1.15777 1.12447 1.04208 0.91321 0.74790 0.53596 0.27906 0.02025 0.32141 0.66071 1.00614 1.38226 1.74945 2.11250 2.47618 2.80239 3.08489 3.36775 3.58028 3.74969 3.96802 3.85219 4.29571 299.54580 20.22298 19.73394 19.03299 18.13460 17.05532 15.81063 14.42105 12.90930 11.30244 9.63146 7.92756 6.22224 4.54566 2.92637 1.39326 0.12511 1.33211 2.46280 3.42104 4.19315 4.77019 5.14825 5.32714 5.31078 5.10800 4.73189 4.19962 3.53195 2.75209 1.88563 0.96149 0.09501 0.96149 1.88563 2.75209 3.53195 4.19962 4.73189 5.10800 5.31078 5.32714 5.14825 4.77019 4.19315 3.42104 2.46280 1.33211 0.12511 1.39326 2.92637 4.54566 6.22224 7.92756 9.63146 11.30244 12.90930 14.42105 15.81063 17.05532 18.13460 19.03299 19.73394 20.22298 
1 0 0 0
115.25874 35.32183 14.19476 14.05445 9.58914 3.73557 3.95967 3.03034 2.43031 2.23894 2.21491 1.65214 1.49071 0.93012 0.96766 0.70184 0.85742 0.64753 0.72046 0.59387 0.51226 0.40147 0.37797 0.34360 0.31283 0.29138 0.31578 0.25564 0.21754 0.16945 0.13714 0.12903 0.06066 0.12903 0.13714 0.16945 0.21754 0.25564 0.31578 0.29138 0.31283 0.34360 0.37797 0.40147 0.51226 0.59387 0.72046 0.64753 0.85742 0.70184 0.96766 0.93012 1.49071 1.65214 2.21491 2.23894 2.43031 3.03034 3.95967 3.73557 9.58914 14.05445 14.19476 35.32183 305.14701 3.37267 6.06743 3.84014 3.11854 4.37569 0.73336 3.03197 0.89505 2.02589 1.02224 1.47223 1.06628 1.05617 1.04125 0.91919 0.95838 0.86657 0.90749 0.78892 0.86580 0.70761 0.79633 0.65893 0.70093 0.64770 0.62576 0.65407 0.60799 0.64652 0.65006 0.61514 0.68109 0.61514 0.65006 0.64652 0.60799 0.65407 0.62576 0.64770 0.70093 0.65893 0.79633 0.70761 0.86580 0.78892 0.90749 0.86657 0.95838 0.91919 1.04125 1.05617 1.06628 1.47223 1.02224 2.02589 0.89505 3.03197 0.73336 4.37569 3.11854 3.84014 6.06743 3.37267 
1 0 0 0
307.11548 0.91172 1.71568 0.91428 0.60498 0.55813 0.41740 0.54258 0.38847 0.34958 0.29680 0.28228 0.24808 0.23364 0.21794 0.21525 0.19055 0.17163 0.17591 0.16461 0.15780 0.15462 0.15323 0.14440 0.14389 0.13588 0.14191 0.13822 0.13343 0.13558 0.13772 0.13533 0.13171 0.13533 0.13772 0.13558 0.13343 0.13822 0.14191 0.13588 0.14389 0.14440 0.15323 0.15462 0.15780 0.16461 0.17591 0.17163 0.19055 0.21525 0.21794 0.23364 0.24808 0.28228 0.29680 0.34958 0.38847 0.54258 0.41740 0.55813 0.60498 0.91428 1.71568 0.91172 303.95649 11.19313 6.50780 4.02070 3.36183 3.17195 2.90673 2.61402 2.33783 2.13902 1.96585 1.80736 1.70803 1.62583 1.53490 1.45912 1.37649 1.32035 1.26697 1.22712 1.20504 1.17148 1.14379 1.11973 1.09627 1.08397 1.07048 1.06294 1.04803 1.04391 1.03023 1.02275 1.02836 1.02275 1.03023 1.04391 1.04803 1.06294 1.07048 1.08397 1.09627 1.11973 1.14379 1.17148 1.20504 1.22712 1.26697 1.32035 1.37649 1.45912 1.53490 1.62583 1.70803 1.80736 1.96585 2.13902 2.33783 2.61402 2.90673 3.17195 3.36183 4.02070 6.50780 11.19313 
0 1 0 0
287.46626 2.42112 1.00163 1.36720 1.36518 0.96099 0.75998 0.55736 0.43474 0.48602 0.46870 0.39089 0.36643 0.37384 0.33357 0.30206 0.30286 0.27450 0.25406 0.25679 0.25417 0.23250 0.21278 0.22273 0.22335 0.21184 0.20835 0.20726 0.21198 0.21112 0.21232 0.21311 0.20836 0.21311 0.21232 0.21112 0.21198 0.20726 0.20835 0.21184 0.22335 0.22273 0.21278 0.23250 0.25417 0.25679 0.25406 0.27450 0.30286 0.30206 0.33357 0.37384 0.36643 0.39089 0.46870 0.48602 0.43474 0.55736 0.75998 0.96099 1.36518 1.36720 1.00163 2.42112 224.68491 7.89585 3.83773 4.08511 3.63836 2.63866 2.42383 1.89996 1.28612 1.40384 1.45807 1.20232 1.10560 1.13738 1.04000 0.93340 0.90204 0.84956 0.78993 0.78029 0.76838 0.71068 0.67691 0.67885 0.66930 0.64972 0.64507 0.64612 0.63872 0.64549 0.65827 0.64929 0.64004 0.64929 0.65827 0.64549 0.63872 0.64612 0.64507 0.64972 0.66930 0.67885 0.67691 0.71068 0.76838 0.78029 0.78993 0.84956 0.90204 0.93340 1.04000 1.13738 1.10560 1.20232 1.45807 1.40384 1.28612 1.89996 2.42383 2.63866 3.63836 4.08511 3.83773 7.89585 
0 1 0 0
274.15153 6.73193 5.33586 2.23927 0.84099 0.22966 0.50844 0.60245 0.37571 0.13500 0.14713 0.16850 0.13605 0.10322 0.04687 0.03461 0.03871 0.03020 0.01605 0.01413 0.01052 0.01518 0.01868 0.01899 0.02298 0.02593 0.03087 0.02496 0.02922 0.02974 0.02986 0.03025 0.03537 0.03025 0.02986 0.02974 0.02922 0.02496 0.03087 0.02593 0.02298 0.01899 0.01868 0.01518 0.01052 0.01413 0.01605 0.03020 0.03871 0.03461 0.04687 0.10322 0.13605 0.16850 0.14713 0.13500 0.37571 0.60245 0.50844 0.22966 0.84099 2.23927 5.33586 6.73193 285.22194 23.68067 15.86298 11.17793 9.04974 7.94754 6.47066 5.28522 4.56106 4.05534 3.55695 3.10717 2.77683 2.52078 2.29181 2.11685 1.99200 1.89996 1.82641 1.76200 1.72285 1.69497 1.65904 1.61925 1.59391 1.58251 1.57351 1.55715 1.54076 1.53517 1.53399 1.53267 1.52911 1.53267 1.53399 1.53517 1.54076 1.55715 1.57351 1.58251 1.59391 1.61925 1.65904 1.69497 1.72285 1.76200 1.82641 1.89996 1.99200 2.11685 2.29181 2.52078 2.77683 3.10717 3.55695 4.05534 4.56106 5.28522 6.47066 7.94754 9.04974 11.17793 15.86298 23.68067 
0 1 0 0
266.49485 20.46561 10.72341 8.17854 4.91442 2.85766 2.43368 2.40803 2.30741 2.08678 1.86831 1.68542 1.50382 1.39293 1.30099 1.22925 1.18402 1.12413 1.07784 1.05530 1.02768 0.98788 0.94792 0.92442 0.90608 0.89005 0.87913 0.86240 0.85151 0.84365 0.84043 0.84555 0.85042 0.84555 0.84043 0.84365 0.85151 0.86240 0.87913 0.89005 0.90608 0.92442 0.94792 0.98788 1.02768 1.05530 1.07784 1.12413 1.18402 1.22925 1.30099 1.39293 1.50382 1.68542 1.86831 2.08678 2.30741 2.40803 2.43368 2.85766 4.91442 8.17854 10.72341 20.46561 230.70423 27.49038 21.16021 9.68658 5.39188 4.02125 3.59809 3.55160 3.20434 2.84612 2.53594 2.32477 2.18752 1.99767 1.86652 1.76546 1.64393 1.58895 1.56251 1.50504 1.44984 1.39068 1.34169 1.31030 1.29258 1.26594 1.23856 1.23182 1.22297 1.20049 1.19158 1.20072 1.20299 1.20072 1.19158 1.20049 1.22297 1.23182 1.23856 1.26594 1.29258 1.31030 1.34169 1.39068 1.44984 1.50504 1.56251 1.58895 1.64393 1.76546 1.86652 1.99767 2.18752 2.32477 2.53594 2.84612 3.20434 3.55160 3.59809 4.02125 5.39188 9.68658 21.16021 27.49038 
0 1 0 0
294.79083 11.20986 7.78592 6.21209 6.17575 5.39436 4.53387 3.69546 3.04033 2.41569 1.79853 1.54944 1.39007 1.36235 1.37082 1.43457 1.40974 1.34183 1.25206 1.18195 1.08568 1.02633 0.98726 0.99494 0.98930 0.98161 0.96553 0.96040 0.92987 0.91917 0.89356 0.90023 0.88646 0.90023 0.89356 0.91917 0.92987 0.96040 0.96553 0.98161 0.98930 0.99494 0.98726 1.02633 1.08568 1.18195 1.25206 1.34183 1.40974 1.43457 1.37082 1.36235 1.39007 1.54944 1.79853 2.41569 3.04033 3.69546 4.53387 5.39436 6.17575 6.21209 7.78592 11.20986 257.99560 15.78205 11.81878 6.05589 2.51091 1.89678 0.51912 0.57435 1.04053 1.26994 1.08002 1.18551 0.98901 0.82726 0.59708 0.56563 0.42627 0.42646 0.46043 0.56479 0.57440 0.57445 0.53557 0.53858 0.49004 0.44935 0.41142 0.41775 0.40779 0.41469 0.40452 0.43869 0.41202 0.43869 0.40452 0.41469 0.40779 0.41775 0.41142 0.44935 0.49004 0.53858 0.53557 0.57445 0.57440 0.56479 0.46043 0.42646 0.42627 0.56563 0.59708 0.82726 0.98901 1.18551 1.08002 1.26994 1.04053 0.57435 0.51912 1.89678 2.51091 6.05589 11.81878 15.78205 
0 1 0 0
149.35145 101.13127 10.27552 32.24311 9.88266 17.86410 9.54320 11.26351 9.17341 7.25727 8.72991 4.45855 8.20394 2.34794 7.60492 0.68732 6.94227 0.69244 6.21976 1.80179 5.44079 2.71714 4.61010 3.45528 3.73723 4.03004 2.83387 4.45504 1.90653 4.73735 0.96234 4.87849 0.10153 4.87849 0.96234 4.73735 1.90653 4.45504 2.83387 4.03004 3.73723 3.45528 4.61010 2.71714 5.44079 1.80179 6.21976 0.69244 6.94227 0.68732 7.60492 2.34794 8.20394 4.45855 8.72991 7.25727 9.17341 11.26351 9.54320 17.86410 9.88266 32.24311 10.27552 101.13127 137.90450 93.27482 9.61922 30.36205 9.64294 16.85722 9.40305 10.08491 8.50200 6.47498 7.86358 4.17432 7.49879 2.30687 7.05454 0.84852 6.48184 0.82558 5.74284 1.75158 4.93524 2.47319 4.22511 3.12588 3.51119 3.73462 2.67281 4.17246 1.74986 4.38383 0.87223 4.45881 0.23152 4.45881 0.87223 4.38383 1.74986 4.17246 2.67281 3.73462 3.51119 3.12588 4.22511 2.47319 4.93524 1.75158 5.74284 0.82558 6.48184 0.84852 7.05454 2.30687 7.49879 4.17432 7.86358 6.47498 8.50200 10.08491 9.40305 16.85722 9.64294 30.36205 9.61922 93.27482 
0 1 0 0
254.40613 61.00990 48.71382 31.72778 13.86488 1.21101 10.88770 14.17873 11.80858 5.83331 1.07046 6.42626 8.65395 7.43054 3.63582 1.07697 4.90851 6.55409 5.60310 2.61546 1.15525 4.24642 5.54629 4.66222 2.03389 1.27243 3.97112 5.05912 4.16412 1.67261 1.43518 3.95091 4.91224 3.95091 1.43518 1.67261 4.16412 5.05912 3.97112 1.27243 2.03389 4.66222 5.54629 4.24642 1.15525 2.61546 5.60310 6.55409 4.90851 1.07697 3.63582 7.43054 8.65395 6.42626 1.07046 5.83331 11.80858 14.17873 10.88770 1.21101 13.86488 31.72778 48.71382 61.00990 248.54627 57.34849 48.95859 32.32829 13.98244 1.39985 11.00080 14.18785 11.76367 5.78344 1.08727 6.38935 8.60660 7.43735 3.68561 1.06004 4.94322 6.57925 5.58607 2.59609 1.14789 4.23705 5.55282 4.66306 2.02290 1.27166 3.95611 5.05980 4.18031 1.67323 1.45064 3.95167 4.89743 3.95167 1.45064 1.67323 4.18031 5.05980 3.95611 1.27166 2.02290 4.66306 5.55282 4.23705 1.14789 2.59609 5.58607 6.57925 4.94322 1.06004 3.68561 7.43735 8.60660 6.38935 1.08727 5.78344 11.76367 14.18785 11.00080 1.39985 13.98244 32.32829 48.95859 57.34849 
0 1 0 0
236.66209 16.84366 11.13594 4.29487 2.50272 3.34729 2.32624 1.50207 1.23510 1.08435 0.81021 0.61897 0.47830 0.31953 0.22400 0.14754 0.19772 0.21256 0.25849 0.30343 0.33122 0.33398 0.33599 0.31721 0.29844 0.28720 0.26367 0.26417 0.24810 0.25791 0.25472 0.27254 0.26281 0.27254 0.25472 0.25791 0.24810 0.26417 0.26367 0.28720 0.29844 0.31721 0.33599 0.33398 0.33122 0.30343 0.25849 0.21256 0.19772 0.14754 0.22400 0.31953 0.47830 0.61897 0.81021 1.08435 1.23510 1.50207 2.32624 3.34729 2.50272 4.29487 11.13594 16.84366 232.19457 16.38975 12.39171 5.09926 3.25396 3.29835 2.60175 1.98664 1.82623 1.47337 1.18913 0.87581 0.66836 0.40540 0.27275 0.16527 0.20836 0.24277 0.27248 0.35047 0.39603 0.40879 0.39738 0.37965 0.35019 0.32042 0.30448 0.31098 0.30209 0.32497 0.34283 0.34969 0.33613 0.34969 0.34283 0.32497 0.30209 0.31098 0.30448 0.32042 0.35019 0.37965 0.39738 0.40879 0.39603 0.35047 0.27248 0.24277 0.20836 0.16527 0.27275 0.40540 0.66836 0.87581 1.18913 1.47337 1.82623 1.98664 2.60175 3.29835 3.25396 5.09926 12.39171 16.38975 
0 1 0 0
307.62398 5.08824 2.60484 1.68459 1.11764 0.69073 0.53705 0.38001 0.18739 0.11877 0.15135 0.13576 0.09397 0.05199 0.04703 0.03774 0.03205 0.02798 0.04117 0.04622 0.03556 0.02535 0.01306 0.00780 0.01817 0.02149 0.01572 0.00611 0.00512 0.00598 0.00686 0.00519 0.00050 0.00519 0.00686 0.00598 0.00512 0.00611 0.01572 0.02149 0.01817 0.00780 0.01306 0.02535 0.03556 0.04622 0.04117 0.02798 0.03205 0.03774 0.04703 0.05199 0.09397 0.13576 0.15135 0.11877 0.18739 0.38001 0.53705 0.69073 1.11764 1.68459 2.60484 5.08824 296.65859 8.81610 4.96696 2.99288 1.82795 1.07612 0.80091 0.60259 0.32440 0.25373 0.30665 0.26953 0.18172 0.11343 0.11330 0.10300 0.08681 0.07328 0.08758 0.08522 0.05762 0.02345 0.00889 0.02917 0.04649 0.05170 0.03736 0.01926 0.01909 0.01378 0.00728 0.00743 0.01173 0.00743 0.00728 0.01378 0.01909 0.01926 0.03736 0.05170 0.04649 0.02917 0.00889 0.02345 0.05762 0.08522 0.08758 0.07328 0.08681 0.10300 0.11330 0.11343 0.18172 0.26953 0.30665 0.25373 0.32440 0.60259 0.80091 1.07612 1.82795 2.99288 4.96696 8.81610 
0 1 0 0
290.15562 2.88667 3.13823 3.15216 2.43114 2.01889 1.65576 1.19453 1.01093 0.95959 0.92111 0.83209 0.75476 0.72414 0.64756 0.62298 0.57649 0.55952 0.51525 0.50208 0.47988 0.46633 0.44552 0.43662 0.42144 0.40725 0.40208 0.39786 0.39084 0.38708 0.38848 0.38489 0.37624 0.38489 0.38848 0.38708 0.39084 0.39786 0.40208 0.40725 0.42144 0.43662 0.44552 0.46633 0.47988 0.50208 0.51525 0.55952 0.57649 0.62298 0.64756 0.72414 0.75476 0.83209 0.92111 0.95959 1.01093 1.19453 1.65576 2.01889 2.43114 3.15216 3.13823 2.88667 289.09882 4.48997 4.49537 1.90552 0.79501 0.33826 0.27792 0.20810 0.16923 0.10746 0.05181 0.01661 0.04257 0.05648 0.04020 0.02662 0.02828 0.03512 0.04235 0.03284 0.03181 0.03627 0.02315 0.03258 0.03087 0.03358 0.04005 0.03204 0.02936 0.03114 0.02952 0.03306 0.04201 0.03306 0.02952 0.03114 0.02936 0.03204 0.04005 0.03358 0.03087 0.03258 0.02315 0.03627 0.03181 0.03284 0.04235 0.03512 0.02828 0.02662 0.04020 0.05648 0.04257 0.01661 0.05181 0.10746 0.16923 0.20810 0.27792 0.33826 0.79501 1.90552 4.49537 4.48997 
0 1 0 0
308.31697 7.49739 5.80765 3.22499 1.74659 1.64509 1.49268 1.28326 1.04287 0.91363 0.83197 0.82610 0.74803 0.68193 0.61380 0.59590 0.57920 0.56206 0.52380 0.49164 0.49230 0.48156 0.45654 0.44443 0.44436 0.43529 0.41947 0.41773 0.42039 0.41205 0.39960 0.40465 0.41264 0.40465 0.39960 0.41205 0.42039 0.41773 0.41947 0.43529 0.44436 0.44443 0.45654 0.48156 0.49230 0.49164 0.52380 0.56206 0.57920 0.59590 0.61380 0.68193 0.74803 0.82610 0.83197 0.91363 1.04287 1.28326 1.49268 1.64509 1.74659 3.22499 5.80765 7.49739 291.81653 5.94982 4.93779 3.31625 1.73204 1.59246 1.48821 1.29522 1.03463 0.78724 0.66438 0.61557 0.59292 0.55458 0.51012 0.47949 0.44154 0.42263 0.38241 0.37341 0.37646 0.37225 0.35779 0.34645 0.34494 0.34108 0.33109 0.32635 0.33396 0.32900 0.32397 0.32634 0.32836 0.32634 0.32397 0.32900 0.33396 0.32635 0.33109 0.34108 0.34494 0.34645 0.35779 0.37225 0.37646 0.37341 0.38241 0.42263 0.44154 0.47949 0.51012 0.55458 0.59292 0.61557 0.66438 0.78724 1.03463 1.29522 1.48821 1.59246 1.73204 3.31625 4.93779 5.94982 
0 1 0 0
